w:mondego
P
216
5.624489393600738
24 79 
P
421
7.269547084080892
36 40 279 
P
490
2.812244696800369
2767 
P
563
2.812244696800369
3742 
P
1514
5.624489393600738
24 79 
P
1871
2.812244696800369
196 
P
2084
2.812244696800369
17 
P
2095
2.812244696800369
2767 
P
2106
7.269547084080892
36 40 279 
P
2258
2.812244696800369
3742 
P
2286
2.812244696800369
50 
P
2315
2.812244696800369
13 
P
3708
2.812244696800369
196 
P
3993
2.812244696800369
50 
P
4036
2.812244696800369
13 
P
4345
2.812244696800369
17 
P
4897
2.812244696800369
17 
P
4942
2.812244696800369
17 
P
4944
2.812244696800369
17 
P
4962
2.812244696800369
219 
P
4970
2.812244696800369
377 
P
4991
2.812244696800369
17 
P
5009
2.812244696800369
251 
P
5037
2.812244696800369
17 
P
5295
2.812244696800369
2767 
P
5316
2.812244696800369
13 
P
5344
2.812244696800369
13 
P
5363
2.812244696800369
13 
P
5365
2.812244696800369
3742 
P
5387
2.812244696800369
13 
P
5403
2.812244696800369
21 
P
5430
2.812244696800369
45 
P
5438
2.812244696800369
26 
P
5847
2.812244696800369
26 
P
6159
2.812244696800369
50 
P
6604
2.812244696800369
219 
P
6644
2.812244696800369
377 
P
6647
2.812244696800369
251 
P
6733
2.812244696800369
17 
P
6762
2.812244696800369
17 
P
6771
2.812244696800369
17 
P
6795
2.812244696800369
17 
P
6808
2.812244696800369
17 
P
6926
2.812244696800369
50 
P
7142
2.8122446968003
50
w:machine
P
47
1.5440680443502754
22 
P
52
3.088136088700551
111 149 
P
64
1.5440680443502754
295 
P
74
3.088136088700551
533 752 
P
94
1.5440680443502754
201 
P
138
1.5440680443502754
201 
P
152
1.5440680443502754
295 
P
161
3.088136088700551
533 752 
P
189
3.088136088700551
138 158 
P
197
3.088136088700551
94 459 
P
202
1.5440680443502754
249 
P
206
1.5440680443502754
146 
P
211
1.5440680443502754
122 
P
218
5.535426037557588
27 71 84 95 178 184 
P
228
3.088136088700551
318 416 
P
231
5.535426037557588
37 2605 2620 4104 4125 5408 
P
237
1.5440680443502754
36 
P
238
1.5440680443502754
241 
P
240
3.991357993207313
327 523 713 
P
250
1.5440680443502754
91 
P
251
1.5440680443502754
110 
P
256
3.088136088700551
195 203 
P
268
3.991357993207313
47 91 241 
P
271
1.5440680443502754
130 
P
275
1.5440680443502754
1076 
P
285
1.5440680443502754
231 
P
286
1.5440680443502754
698 
P
289
1.5440680443502754
36 
P
295
1.5440680443502754
1076 
P
304
4.632204133050826
268 278 424 434 
P
309
1.5440680443502754
241 
P
319
3.088136088700551
22 48 
P
325
1.5440680443502754
163
w:learning
P
42
1.4771212547196624
210 
P
47
3.81830305246851
23 26 36 
P
52
4.431363764158987
112 150 279 293 
P
62
2.9542425094393248
226 238 
P
71
1.4771212547196624
209 
P
72
1.4771212547196624
113 
P
93
3.81830305246851
106 117 125 
P
94
1.4771212547196624
202 
P
103
1.4771212547196624
58 
P
109
5.623924879632811
325 376 406 428 448 537 581 
P
112
1.4771212547196624
118 
P
133
1.4771212547196624
210 
P
138
1.4771212547196624
202 
P
151
2.9542425094393248
226 238 
P
160
1.4771212547196624
209 
P
164
1.4771212547196624
211 
P
172
1.4771212547196624
58 
P
189
2.9542425094393248
139 159 
P
192
1.4771212547196624
469 
P
197
3.81830305246851
95 241 460 
P
201
2.9542425094393248
239 452 
P
202
1.4771212547196624
250 
P
206
1.4771212547196624
147 
P
209
1.4771212547196624
210 
P
214
1.4771212547196624
389 
P
218
5.623924879632811
28 72 85 96 179 185 196 
P
219
2.9542425094393248
204 466 
P
220
1.4771212547196624
216 
P
228
2.9542425094393248
319 417 
P
231
6.943119414194707
38 326 1554 1563 1587 2374 2379 2606 2621 3160 4105 4126 5409 
P
237
1.4771212547196624
37 
P
240
3.81830305246851
328 524 714 
P
250
1.4771212547196624
92 
P
251
1.4771212547196624
95 
P
252
1.4771212547196624
600 
P
268
5.295424307188172
48 54 92 101 120 197 
P
275
1.4771212547196624
1077 
P
278
1.4771212547196624
49 
P
289
1.4771212547196624
37 
P
295
1.4771212547196624
1077 
P
316
1.4771212547196624
224 
P
319
1.4771212547196624
23 
P
325
1.4771212547196624
164 
P
356
1.4771212547196624
302 
P
366
5.9084850188786495
134 149 242 371 388 398 435 465 
P
367
3.81830305246851
57 356 966 
P
376
1.4771212547196624
730 
P
382
1.4771212547196624
41 
P
387
4.906890595608518
40 44 244 307 313 
P
407
1.4771212547196624
147 
P
410
1.4771212547196624
489 
P
432
1.4771212547196624
49 
P
433
1.4771212547196624
348 
P
434
1.4771212547196624
190 
P
439
3.81830305246851
57 374 907 
P
443
1.4771212547196624
354 
P
447
1.4771212547196624
687 
P
452
1.4771212547196624
55 
P
458
4.906890595608518
601 701 1341 2281 2766 
P
461
2.9542425094393248
308 318