w:aa
P
58
3.2013905008788996
501 754 2380 
P
76
3.2013905008788996
501 754 2380 
P
699
2.1673173347481756
100 
P
1120
2.1673173347481756
279 
P
3060
3.6822071416146365
110 116 3094 3745 4343 
P
3066
5.234013600011992
979 6180 6272 7359 7783 8008 9467 10052 10168 12527 13086 13144 13213 14612 14663 15075 19106 19613 21033 21299 22346 23711 24580 24752 24889 25936 
P
3075
5.811100612405758
1221 3744 3761 4352 5094 5297 5443 6748 7523 8468 9554 11304 11759 14359 14947 16221 16295 16869 18104 19448 20737 21161 21908 21984 24841 26561 28497 28879 29782 30823 31559 32932 33000 33548 34261 34833 35414 39666 40861 41670 42025 47277 48527 50575 51104 51772 53628 57078 
P
3077
2.1673173347481756
27 
P
3267
2.1673173347481756
1117 
P
3297
2.1673173347481756
1103 
P
3299
2.1673173347481756
1128 
P
3365
2.1673173347481756
1079 
P
3370
2.1673173347481756
1026 
P
3373
2.1673173347481756
1079 
P
3401
2.1673173347481756
1117 
P
3417
2.1673173347481756
1117 
P
3421
2.1673173347481756
1044 
P
3427
2.1673173347481756
1047 
P
3430
2.1673173347481756
1047 
P
3433
2.1673173347481756
1079 
P
3436
2.1673173347481756
1079 
P
3449
2.1673173347481756
1117 
P
3451
2.1673173347481756
1064 
P
3452
2.1673173347481756
1079 
P
3460
2.1673173347481756
1100 
P
3462
2.1673173347481756
1117 
P
3463
2.1673173347481756
1102 
P
3465
2.1673173347481756
1100 
P
3471
2.1673173347481756
1102 
P
3472
2.1673173347481756
1079 
P
3473
2.1673173347481756
1047 
P
3482
2.1673173347481756
1044 
P
3586
2.1673173347481756
1087 
P
3590
2.1673173347481756
1034 
P
3591
2.1673173347481756
1125 
P
3594
2.1673173347481756
1087 
P
3596
2.1673173347481756
1072 
P
3599
2.1673173347481756
1087 
P
3618
2.1673173347481756
1052 
P
3692
2.1673173347481756
1125 
P
3706
2.1673173347481756
59 
P
3707
2.1673173347481756
21 
P
3736
2.1673173347481756
1087 
P
3738
2.1673173347481756
1108 
P
3739
2.1673173347481756
1125 
P
3741
2.1673173347481756
1110 
P
3742
2.1673173347481756
1055 
P
3746
2.1673173347481756
1055 
P
3747
2.1673173347481756
1087 
P
3758
2.1673173347481756
1108 
P
3769
2.1673173347481756
1110 
P
3775
2.1673173347481756
1087 
P
3778
2.1673173347481756
1055 
P
3821
2.1673173347481756
1117 
P
3853
2.1673173347481756
122 
P
3897
2.1673173347481756
1052 
P
4017
2.1673173347481756
1044 
P
4406
2.1673173347481756
182 
P
4660
2.1673173347481756
182 
P
4993
2.1673173347481756
1043 
P
5391
2.81974486262989
1133 1137 
P
5498
2.1673173347481756
182 
P
5503
2.1673173347481756
1052 
P
5524
2.1673173347481756
182 
P
5730
2.81974486262989
1133 1137 
P
5746
2.1673173347481756
1043 
P
5791
2.1673173347481756
1051 
P
6112
2.1673173347481756
1026 
P
6142
2.1673173347481756
1034 
P
6202
2.1673173347481756
1026 
P
6218
2.1673173347481756
1001 
P
6238
2.1673173347481756
1034 
P
6261
2.1673173347481756
1009 
P
6290
2.1673173347481756
1002 
P
6366
2.1673173347481756
1002 
P
6411
2.1673173347481756
1010 
P
6506
2.81974486262989
2643 2675 
P
6519
2.81974486262989
2596 2628 
P
6530
2.1673173347481756
1000 
P
6533
2.1673173347481756
1010 
P
6538
2.81974486262989
2596 2628 
P
6545
2.81974486262989
2619 2651